23
01110010011010100000011
10010010111100111000010
10011101001000010010001
11100101001001001101101
00100011100010010010000
00110000101100001101010
11001001101000010111000
00111010001001010101001
01001110001001011111011
11000000001110011000111
11110111110001010001101
01000100010010111110011
10001000010100010110101
00010001101000101011000
11000000000101010000001
01101011111110100100011
01010100110101000000111
00010111100110010000100
00101010100111000000001
00010111101001000000101
00010000011010001101010
11000100110100011000100
10110001111110111011000
