25
0110000111010110010000010
1001000011010000100010110
1001011001010000010010000
0110101000100100110111110
0001000111001000000000001
0010000000001110010100011
0011000011100001101000010
1000100000110110000010011
1100101001111011000100110
1110101010101000011001011
0001001111010001000001111
1110000110101110010011010
0000110011010100101100100
1001010100011000001101100
1000010110010001111100100
0000001010100010000010110
0101001000001010010100000
1011010001010010101000101
0000001001001110010110111
0001010010001110101001110
0111000100010001001000000
0001000001110100000100011
0101000010101111011100001
1101011111110001001101000
0000110101100000011001100
