26
01101001101010100010000110
10000010010010000001000011
10000010110111110000001000
00000101001010111110101000
10000000000011101001001000
00010000111010100110110010
01100000000011000011010000
10010000110000011010100001
10100101011011100011111000
01100101100001100110000100
10010100100110101100001100
00100000001000010010011001
11111110101000101110001010
00101010110000001011001010
10111100111010000100000000
00110001000100000101110110
00011001001011000011110001
00010100011010110010110001
10010111110111001101110110
01001010100001011010010000
00010101100000011110000010
00000110100100011111001011
00111000101111000000010010
10000000011000010010000000
11000100000011010010111000
01000001000100001100010000
