23
00101001000100000101011
00000110011100100111010
10000100011111011011111
00000000010100101001000
10000000001110111010000
01100000101100101101101
01000000000010001010010
10000000000111011111101
00000100001101110100101
01110000000000000010110
01101100100111001000011
11111101101000100100001
00101011001001000000111
00100001101010001010101
01011100100100001010110
00101001100000000010100
00111111001001100110011
11000101100100001010000
01101011010001111101111
11110101000000000010111
00100101110011110011011
11100010011010101011101
10100101101111001011110
