25
0111000110000010001010100
1001001111011110111100011
1001011000001000001000011
1110001010001100010000000
0000010100011001010010011
0010101111100000000011000
0111010011000101001111100
1100110010011101011000110
1101011101100001110101011
0100011010010001000011000
0000010010000000110111111
0100100101001111000000001
0111100100010101010010000
0101001100011001000010100
1100000000010000100011011
0000101111011100010001101
0100000010100010001100100
0101100110101001001001101
1110001100000000110100000
0100001010100000101000101
1000111001101110000000000
0000011011100011010000110
1000001100100101110101000
0110100110100010000001001
0110100010110011010100010
