30
000100000000101101100001000000
000000000010011010011001000101
000000110010000101000110100000
100001001010000010001111100010
000000000001000100011001111001
000100001101000010010100000101
001000000000111100101000000001
001000000011001011000000011000
000101000000011001000101110000
000001000000101100011010001110
011100010000001110000000010110
000011010000001000100010101001
100000100100000100100001110100
010000101000000000001000000011
110000111111000100101000010000
101010100110101011000001010100
010101010010000100100100011000
101000011000000100100001010010
100000100001101011010001001011
010011000100000000100001000010
010110100100011000000001111011
001101001000000010000001110111
001100000101000000000000110001
110110001000100101111100100001
001110001001100000001111000110
000010011010101111001110001011
000010010101000010101000010101
010001000110100100000100101000
000100000110010001111100110000
010011100001010000101111011000
