25
0011100001000001001000001
0010110011100000000100011
1100100100010000110101100
1000001001110010100100111
1110000000110111000000010
0100000111001100000000101
0001000100010001000101100
0010011000011011000111001
0100010000011011000011000
1101010000111110010001100
0101100001001010000110110
0011101111000001000001100
0000010111100001001111110
0000110001000000101010010
0001100111100001110000100
1000101110011010100011101
0011000000000111010000100
0010000001000010101111111
1000000000001100010111101
0111001100101000011010100
0000000110101101011100100
0010001111011001011000011
0011011001111011111110011
0101100000101100010001100
1101010100000001011001100
